#format: name ra_d dec_d  emaj_s emin_s pa_d i q u v spi freq0 
A0 177.221715251 -30.6313246358 0 0 0.00000 2 0 0 0 0.00000 1000000000.000000
A1 177.367719454 -30.1888183117 0 0 0.00000 1.2118 0 0 0 0.00000 1000000000.000000
A2 177.595928826 -30.0438794342 0 0 0.00000 1.0888 0 0 0 0.00000 1000000000.000000
A3 177.773545675 -30.7586768924 0 0 0.00000 0.79625 0 0 0 0.00000 1000000000.000000
A4 177.956596393 -30.3167182441 0 0 0.00000 0.76729 0 0 0 0.00000 1000000000.000000
A5 178.109100116 -29.974896289 0 0 0.00000 0.7489 0 0 0 0.00000 1000000000.000000
A6 177.058490679 -30.8121209317 0 0 0.00000 0.71542 0 0 0 0.00000 1000000000.000000
A7 177.109239166 -30.0142214949 0 0 0.00000 0.68712 0 0 0 0.00000 1000000000.000000
A8 177.93875054 -30.6987867263 0 0 0.00000 0.63851 0 0 0 0.00000 1000000000.000000
A9 178.062945344 -30.5600329662 0 0 0.00000 0.51629 0 0 0 0.00000 1000000000.000000
A10 177.149982228 -30.1333161967 0 0 0.00000 0.51612 0 0 0 0.00000 1000000000.000000
A11 177.534019115 -30.6833173451 0 0 0.00000 0.4983 0 0 0 0.00000 1000000000.000000
A12 177.986045292 -30.5248300673 0 0 0.00000 0.49757 0 0 0 0.00000 1000000000.000000
A13 177.369596204 -30.0637722415 0 0 0.00000 0.45003 0 0 0 0.00000 1000000000.000000
A14 177.752007101 -30.103833038 0 0 0.00000 0.44984 0 0 0 0.00000 1000000000.000000
A15 177.124292208 -30.1744373447 0 0 0.00000 0.44071 0 0 0 0.00000 1000000000.000000
A16 177.192835928 -30.7117729272 0 0 0.00000 0.43505 0 0 0 0.00000 1000000000.000000
A17 177.495803948 -30.0303862109 0 0 0.00000 0.433 0 0 0 0.00000 1000000000.000000
A18 177.120580272 -30.6451396812 0 0 0.00000 0.37765 0 0 0 0.00000 1000000000.000000
A19 177.715374303 -30.4746581362 0 0 0.00000 0.37043 0 0 0 0.00000 1000000000.000000
A20 177.717143967 -30.564303651 0 0 0.00000 0.3662 0 0 0 0.00000 1000000000.000000
A21 177.635457048 -30.952541265 0 0 0.00000 0.36111 0 0 0 0.00000 1000000000.000000
A22 177.601210416 -30.356061473 0 0 0.00000 0.36014 0 0 0 0.00000 1000000000.000000
A23 177.088733713 -30.4246093499 0 0 0.00000 0.34924 0 0 0 0.00000 1000000000.000000
A24 177.515484575 -30.6164686356 0 0 0.00000 0.31357 0 0 0 0.00000 1000000000.000000
A25 177.459886078 -30.1910739302 0 0 0.00000 0.31233 0 0 0 0.00000 1000000000.000000
A26 177.33484227 -29.9889254309 0 0 0.00000 0.26774 0 0 0 0.00000 1000000000.000000
A27 176.988975807 -30.7723779008 0 0 0.00000 0.25822 0 0 0 0.00000 1000000000.000000
A28 177.218413032 -30.3423033114 0 0 0.00000 0.24733 0 0 0 0.00000 1000000000.000000
A29 177.381309254 -30.856699086 0 0 0.00000 0.24136 0 0 0 0.00000 1000000000.000000
A30 177.840046968 -30.7679865884 0 0 0.00000 0.2241 0 0 0 0.00000 1000000000.000000
A31 177.750535239 -30.4243172999 0 0 0.00000 0.22011 0 0 0 0.00000 1000000000.000000
A32 177.034099466 -30.6226398938 0 0 0.00000 0.2086 0 0 0 0.00000 1000000000.000000
A33 177.531813677 -30.2265631359 0 0 0.00000 0.20269 0 0 0 0.00000 1000000000.000000
A34 178.065805011 -30.329497591 0 0 0.00000 0.19875 0 0 0 0.00000 1000000000.000000
A35 177.4612214 -30.8728135281 0 0 0.00000 0.19767 0 0 0 0.00000 1000000000.000000
A36 176.996342227 -30.8585053656 0 0 0.00000 0.18688 0 0 0 0.00000 1000000000.000000
A37 178.125889881 -30.1586960156 0 0 0.00000 0.18478 0 0 0 0.00000 1000000000.000000
A38 177.292167551 -30.9584621397 0 0 0.00000 0.18455 0 0 0 0.00000 1000000000.000000
A39 177.266548922 -30.7050670922 0 0 0.00000 0.18373 0 0 0 0.00000 1000000000.000000
A40 178.05409076 -30.0350113303 0 0 0.00000 0.1785 0 0 0 0.00000 1000000000.000000
A41 177.054376505 -30.1218708021 0 0 0.00000 0.17569 0 0 0 0.00000 1000000000.000000
A42 177.163849796 -30.0479061586 0 0 0.00000 0.16512 0 0 0 0.00000 1000000000.000000
A43 177.746756475 -30.6316964329 0 0 0.00000 0.15066 0 0 0 0.00000 1000000000.000000
A44 177.831640293 -30.0685259559 0 0 0.00000 0.13824 0 0 0 0.00000 1000000000.000000
A45 177.076057817 -30.4624832584 0 0 0.00000 0.1294 0 0 0 0.00000 1000000000.000000
A46 177.40629509 -30.6802651659 0 0 0.00000 0.12937 0 0 0 0.00000 1000000000.000000
A47 178.005536784 -30.4112653871 0 0 0.00000 0.12542 0 0 0 0.00000 1000000000.000000
A48 177.237846724 -30.329925763 0 0 0.00000 0.11902 0 0 0 0.00000 1000000000.000000
A49 177.543661841 -30.2214465118 0 0 0.00000 0.11681 0 0 0 0.00000 1000000000.000000
A50 177.625307145 -30.3565429766 0 0 0.00000 0.11645 0 0 0 0.00000 1000000000.000000
A51 177.889827047 -30.238276688 0 0 0.00000 0.11628 0 0 0 0.00000 1000000000.000000
A52 177.027509639 -30.6412262811 0 0 0.00000 0.11465 0 0 0 0.00000 1000000000.000000
A53 177.981235175 -30.4499330491 0 0 0.00000 0.11274 0 0 0 0.00000 1000000000.000000
A54 177.940406482 -30.2837679564 0 0 0.00000 0.10965 0 0 0 0.00000 1000000000.000000
A55 177.28373675 -30.3099743809 0 0 0.00000 0.1066 0 0 0 0.00000 1000000000.000000
A56 177.412956896 -30.2607169987 0 0 0.00000 0.10443 0 0 0 0.00000 1000000000.000000
A57 177.851882137 -30.1901561385 0 0 0.00000 0.10174 0 0 0 0.00000 1000000000.000000
A58 177.904093093 -30.8995859692 0 0 0.00000 0.096365 0 0 0 0.00000 1000000000.000000
A59 176.987283242 -30.3226945131 0 0 0.00000 0.089239 0 0 0 0.00000 1000000000.000000
A60 177.309204231 -30.549595054 0 0 0.00000 0.088977 0 0 0 0.00000 1000000000.000000
A61 178.077091324 -30.7007135658 0 0 0.00000 0.079051 0 0 0 0.00000 1000000000.000000
A62 177.014846788 -30.8356325789 0 0 0.00000 0.076714 0 0 0 0.00000 1000000000.000000
A63 177.214506931 -30.584058499 0 0 0.00000 0.076354 0 0 0 0.00000 1000000000.000000
A64 177.701877678 -30.8713152339 0 0 0.00000 0.072548 0 0 0 0.00000 1000000000.000000
A65 178.042134407 -30.2764719465 0 0 0.00000 0.072058 0 0 0 0.00000 1000000000.000000
A66 177.349833141 -30.7543391773 0 0 0.00000 0.064095 0 0 0 0.00000 1000000000.000000
A67 177.010364318 -30.7063734543 0 0 0.00000 0.06075 0 0 0 0.00000 1000000000.000000
A68 177.213399901 -30.7868718146 0 0 0.00000 0.05819 0 0 0 0.00000 1000000000.000000
A69 178.113936157 -30.409153547 0 0 0.00000 0.057389 0 0 0 0.00000 1000000000.000000
A70 177.899875142 -30.9241682347 0 0 0.00000 0.054626 0 0 0 0.00000 1000000000.000000
A71 177.011887775 -30.8699258937 0 0 0.00000 0.054517 0 0 0 0.00000 1000000000.000000
A72 178.087408449 -30.9361609572 0 0 0.00000 0.053241 0 0 0 0.00000 1000000000.000000
A73 177.794673104 -30.2085705108 0 0 0.00000 0.053006 0 0 0 0.00000 1000000000.000000
A74 176.994821391 -29.9865118118 0 0 0.00000 0.051371 0 0 0 0.00000 1000000000.000000
A75 178.080782253 -30.0776395236 0 0 0.00000 0.04662 0 0 0 0.00000 1000000000.000000
A76 178.027278561 -30.3667803559 0 0 0.00000 0.043368 0 0 0 0.00000 1000000000.000000
A77 177.17048131 -30.3687117421 0 0 0.00000 0.039622 0 0 0 0.00000 1000000000.000000
A78 177.086392056 -30.1270477183 0 0 0.00000 0.038284 0 0 0 0.00000 1000000000.000000
A79 178.067306269 -30.2932441197 0 0 0.00000 0.035992 0 0 0 0.00000 1000000000.000000
A80 177.330787814 -30.2717465789 0 0 0.00000 0.035645 0 0 0 0.00000 1000000000.000000
A81 178.046300141 -30.7361647129 0 0 0.00000 0.029367 0 0 0 0.00000 1000000000.000000
A82 177.016650937 -30.5282561314 0 0 0.00000 0.027917 0 0 0 0.00000 1000000000.000000
A83 177.689986958 -30.3754035797 0 0 0.00000 0.024164 0 0 0 0.00000 1000000000.000000
A84 177.655553938 -30.0538111971 0 0 0.00000 0.022658 0 0 0 0.00000 1000000000.000000
A85 177.654091245 -30.9405180239 0 0 0.00000 0.022549 0 0 0 0.00000 1000000000.000000
A86 177.461737776 -30.5730947646 0 0 0.00000 0.021011 0 0 0 0.00000 1000000000.000000
A87 176.986355776 -30.577277345 0 0 0.00000 0.018388 0 0 0 0.00000 1000000000.000000
A88 178.096355992 -30.1402286387 0 0 0.00000 0.01723 0 0 0 0.00000 1000000000.000000
A89 177.116179683 -30.0797038384 0 0 0.00000 0.016788 0 0 0 0.00000 1000000000.000000
A90 178.02077532 -30.7549222739 0 0 0.00000 0.016692 0 0 0 0.00000 1000000000.000000
A91 177.360690013 -30.1828363973 0 0 0.00000 0.015492 0 0 0 0.00000 1000000000.000000
A92 177.067274834 -30.5948359521 0 0 0.00000 0.014787 0 0 0 0.00000 1000000000.000000
A93 177.554341929 -30.3857540211 0 0 0.00000 0.012289 0 0 0 0.00000 1000000000.000000
A94 177.36468107 -30.4157584241 0 0 0.00000 0.010577 0 0 0 0.00000 1000000000.000000
A95 177.306927867 -30.4130012849 0 0 0.00000 0.0088161 0 0 0 0.00000 1000000000.000000
A96 178.108355533 -30.2400133236 0 0 0.00000 0.007684 0 0 0 0.00000 1000000000.000000
A97 177.1779287 -30.0073452736 0 0 0.00000 0.007186 0 0 0 0.00000 1000000000.000000
A98 177.636997796 -30.2511375075 0 0 0.00000 0.0028058 0 0 0 0.00000 1000000000.000000
A99 177.17619832 -30.9101634706 0 0 0.00000 0.0013839 0 0 0 0.00000 1000000000.000000
