#format: name ra_d dec_d  emaj_s emin_s pa_d i q u v spi freq0 
A0 177.221715251 -30.6313246358 0 0 0.00000 2 0 0 0 0.00000 1000000000.000000
A1 177.367719454 -30.1888183117 0 0 0.00000 1.2118 0 0 0 0.00000 1000000000.000000
A2 177.595928826 -30.0438794342 0 0 0.00000 1.0888 0 0 0 0.00000 1000000000.000000
A3 177.773545675 -30.7586768924 0 0 0.00000 0.79625 0 0 0 0.00000 1000000000.000000
A4 177.956596393 -30.3167182441 0 0 0.00000 0.76729 0 0 0 0.00000 1000000000.000000
A5 178.109100116 -29.974896289 0 0 0.00000 0.7489 0 0 0 0.00000 1000000000.000000
A6 177.058490679 -30.8121209317 0 0 0.00000 0.71542 0 0 0 0.00000 1000000000.000000
A7 177.109239166 -30.0142214949 0 0 0.00000 0.68712 0 0 0 0.00000 1000000000.000000
A8 177.93875054 -30.6987867263 0 0 0.00000 0.63851 0 0 0 0.00000 1000000000.000000
A9 178.062945344 -30.5600329662 0 0 0.00000 0.51629 0 0 0 0.00000 1000000000.000000
A10 177.149982228 -30.1333161967 0 0 0.00000 0.51612 0 0 0 0.00000 1000000000.000000
A11 177.534019115 -30.6833173451 0 0 0.00000 0.4983 0 0 0 0.00000 1000000000.000000
A12 177.986045292 -30.5248300673 0 0 0.00000 0.49757 0 0 0 0.00000 1000000000.000000
A13 177.369596204 -30.0637722415 0 0 0.00000 0.45003 0 0 0 0.00000 1000000000.000000
A14 177.752007101 -30.103833038 0 0 0.00000 0.44984 0 0 0 0.00000 1000000000.000000
A15 177.124292208 -30.1744373447 0 0 0.00000 0.44071 0 0 0 0.00000 1000000000.000000
A16 177.192835928 -30.7117729272 0 0 0.00000 0.43505 0 0 0 0.00000 1000000000.000000
A17 177.495803948 -30.0303862109 0 0 0.00000 0.433 0 0 0 0.00000 1000000000.000000
A18 177.120580272 -30.6451396812 0 0 0.00000 0.37765 0 0 0 0.00000 1000000000.000000
A19 177.715374303 -30.4746581362 0 0 0.00000 0.37043 0 0 0 0.00000 1000000000.000000
A20 177.717143967 -30.564303651 0 0 0.00000 0.3662 0 0 0 0.00000 1000000000.000000
A21 177.635457048 -30.952541265 0 0 0.00000 0.36111 0 0 0 0.00000 1000000000.000000
A22 177.601210416 -30.356061473 0 0 0.00000 0.36014 0 0 0 0.00000 1000000000.000000
A23 177.088733713 -30.4246093499 0 0 0.00000 0.34924 0 0 0 0.00000 1000000000.000000
A24 177.515484575 -30.6164686356 0 0 0.00000 0.31357 0 0 0 0.00000 1000000000.000000
A25 177.459886078 -30.1910739302 0 0 0.00000 0.31233 0 0 0 0.00000 1000000000.000000
