#format: name ra_d dec_d  emaj_s emin_s pa_d i q u v spi freq0 
A0 177.221715251 -30.6313246358 0 0 0.00000 2 0 0 0 0.00000 1000000000.000000
A1 177.367719454 -30.1888183117 0 0 0.00000 1.2118 0 0 0 0.00000 1000000000.000000
A2 177.595928826 -30.0438794342 0 0 0.00000 1.0888 0 0 0 0.00000 1000000000.000000
A3 177.773545675 -30.7586768924 0 0 0.00000 0.79625 0 0 0 0.00000 1000000000.000000
A4 177.956596393 -30.3167182441 0 0 0.00000 0.76729 0 0 0 0.00000 1000000000.000000
A5 178.109100116 -29.974896289 0 0 0.00000 0.7489 0 0 0 0.00000 1000000000.000000
A6 177.058490679 -30.8121209317 0 0 0.00000 0.71542 0 0 0 0.00000 1000000000.000000
A7 177.109239166 -30.0142214949 0 0 0.00000 0.68712 0 0 0 0.00000 1000000000.000000
A8 177.93875054 -30.6987867263 0 0 0.00000 0.63851 0 0 0 0.00000 1000000000.000000
A9 178.062945344 -30.5600329662 0 0 0.00000 0.51629 0 0 0 0.00000 1000000000.000000
A10 177.149982228 -30.1333161967 0 0 0.00000 0.51612 0 0 0 0.00000 1000000000.000000
A11 177.534019115 -30.6833173451 0 0 0.00000 0.4983 0 0 0 0.00000 1000000000.000000
A12 177.986045292 -30.5248300673 0 0 0.00000 0.49757 0 0 0 0.00000 1000000000.000000
A13 177.369596204 -30.0637722415 0 0 0.00000 0.45003 0 0 0 0.00000 1000000000.000000
