#format: name ra_d dec_d  emaj_s emin_s pa_d i q u v spi freq0 
A0 177.105980675 30.5546863107 0 0 0.00000 2 0 0 0 0.00000 1000000000.000000
A1 177.221732611 30.0857895074 0 0 0.00000 1.5715 0 0 0 0.00000 1000000000.000000
A2 177.084152745 30.4914009272 0 0 0.00000 1.5019 0 0 0 0.00000 1000000000.000000
A3 177.432769273 30.4528174382 0 0 0.00000 1.1148 0 0 0 0.00000 1000000000.000000
A4 177.951840848 30.4368778473 0 0 0.00000 0.94882 0 0 0 0.00000 1000000000.000000
A5 177.147262178 29.6448902061 0 0 0.00000 0.79919 0 0 0 0.00000 1000000000.000000
A6 176.862826727 30.0944828712 0 0 0.00000 0.75318 0 0 0 0.00000 1000000000.000000
A7 176.929913696 29.797789434 0 0 0.00000 0.75162 0 0 0 0.00000 1000000000.000000
A8 177.258478181 30.2479969643 0 0 0.00000 0.63288 0 0 0 0.00000 1000000000.000000
A9 177.01748849 30.5753967817 0 0 0.00000 0.53069 0 0 0 0.00000 1000000000.000000
A10 177.269091028 29.6832659913 0 0 0.00000 0.50979 0 0 0 0.00000 1000000000.000000
A11 177.584808126 30.6429326726 0 0 0.00000 0.50754 0 0 0 0.00000 1000000000.000000
A12 177.08084022 29.6702585046 0 0 0.00000 0.45699 0 0 0 0.00000 1000000000.000000
A13 177.78977494 30.2450859904 0 0 0.00000 0.37479 0 0 0 0.00000 1000000000.000000
A14 177.693678672 30.4542016042 0 0 0.00000 0.37269 0 0 0 0.00000 1000000000.000000
A15 177.865633878 30.1383050084 0 0 0.00000 0.34846 0 0 0 0.00000 1000000000.000000
A16 176.908420562 30.0503517168 0 0 0.00000 0.34799 0 0 0 0.00000 1000000000.000000
A17 177.581871277 29.7644867944 0 0 0.00000 0.30782 0 0 0 0.00000 1000000000.000000
A18 177.809460617 29.9900110441 0 0 0.00000 0.3002 0 0 0 0.00000 1000000000.000000
A19 177.163281658 29.9765653939 0 0 0.00000 0.29718 0 0 0 0.00000 1000000000.000000
A20 177.956928605 30.3319966081 0 0 0.00000 0.27015 0 0 0 0.00000 1000000000.000000
A21 177.532576699 30.5965952346 0 0 0.00000 0.24269 0 0 0 0.00000 1000000000.000000
