#format: name ra_d dec_d  emaj_s emin_s pa_d i q u v spi freq0 
A0 177.105980675 30.5546863107 0 0 0.00000 2 0 0 0 0.00000 1000000000.000000
A1 177.221732611 30.0857895074 0 0 0.00000 1.5715 0 0 0 0.00000 1000000000.000000
A2 177.084152745 30.4914009272 0 0 0.00000 1.5019 0 0 0 0.00000 1000000000.000000
A3 177.432769273 30.4528174382 0 0 0.00000 1.1148 0 0 0 0.00000 1000000000.000000
A4 177.951840848 30.4368778473 0 0 0.00000 0.94882 0 0 0 0.00000 1000000000.000000
A5 177.147262178 29.6448902061 0 0 0.00000 0.79919 0 0 0 0.00000 1000000000.000000
A6 176.862826727 30.0944828712 0 0 0.00000 0.75318 0 0 0 0.00000 1000000000.000000
A7 176.929913696 29.797789434 0 0 0.00000 0.75162 0 0 0 0.00000 1000000000.000000
A8 177.258478181 30.2479969643 0 0 0.00000 0.63288 0 0 0 0.00000 1000000000.000000
