#format: name ra_d dec_d  emaj_s emin_s pa_d i q u v spi freq0 
A0 177.105980675 30.5546863107 0 0 0.00000 2 0 0 0 0.00000 1000000000.000000
A1 177.221732611 30.0857895074 0 0 0.00000 1.5715 0 0 0 0.00000 1000000000.000000
A2 177.084152745 30.4914009272 0 0 0.00000 1.5019 0 0 0 0.00000 1000000000.000000
A3 177.432769273 30.4528174382 0 0 0.00000 1.1148 0 0 0 0.00000 1000000000.000000
A4 177.951840848 30.4368778473 0 0 0.00000 0.94882 0 0 0 0.00000 1000000000.000000
A5 177.147262178 29.6448902061 0 0 0.00000 0.79919 0 0 0 0.00000 1000000000.000000
A6 176.862826727 30.0944828712 0 0 0.00000 0.75318 0 0 0 0.00000 1000000000.000000
A7 176.929913696 29.797789434 0 0 0.00000 0.75162 0 0 0 0.00000 1000000000.000000
A8 177.258478181 30.2479969643 0 0 0.00000 0.63288 0 0 0 0.00000 1000000000.000000
A9 177.01748849 30.5753967817 0 0 0.00000 0.53069 0 0 0 0.00000 1000000000.000000
A10 177.269091028 29.6832659913 0 0 0.00000 0.50979 0 0 0 0.00000 1000000000.000000
A11 177.584808126 30.6429326726 0 0 0.00000 0.50754 0 0 0 0.00000 1000000000.000000
A12 177.08084022 29.6702585046 0 0 0.00000 0.45699 0 0 0 0.00000 1000000000.000000
A13 177.78977494 30.2450859904 0 0 0.00000 0.37479 0 0 0 0.00000 1000000000.000000
A14 177.693678672 30.4542016042 0 0 0.00000 0.37269 0 0 0 0.00000 1000000000.000000
A15 177.865633878 30.1383050084 0 0 0.00000 0.34846 0 0 0 0.00000 1000000000.000000
A16 176.908420562 30.0503517168 0 0 0.00000 0.34799 0 0 0 0.00000 1000000000.000000
A17 177.581871277 29.7644867944 0 0 0.00000 0.30782 0 0 0 0.00000 1000000000.000000
A18 177.809460617 29.9900110441 0 0 0.00000 0.3002 0 0 0 0.00000 1000000000.000000
A19 177.163281658 29.9765653939 0 0 0.00000 0.29718 0 0 0 0.00000 1000000000.000000
A20 177.956928605 30.3319966081 0 0 0.00000 0.27015 0 0 0 0.00000 1000000000.000000
A21 177.532576699 30.5965952346 0 0 0.00000 0.24269 0 0 0 0.00000 1000000000.000000
A22 177.892979808 30.3310590974 0 0 0.00000 0.23364 0 0 0 0.00000 1000000000.000000
A23 177.380115259 29.8085238385 0 0 0.00000 0.23172 0 0 0 0.00000 1000000000.000000
A24 176.91202122 30.5453295253 0 0 0.00000 0.22918 0 0 0 0.00000 1000000000.000000
A25 177.444030275 29.8763720114 0 0 0.00000 0.21903 0 0 0 0.00000 1000000000.000000
A26 177.296639932 29.9135152259 0 0 0.00000 0.20714 0 0 0 0.00000 1000000000.000000
A27 177.304282343 30.2187013697 0 0 0.00000 0.20197 0 0 0 0.00000 1000000000.000000
A28 177.968634342 29.6627341699 0 0 0.00000 0.19347 0 0 0 0.00000 1000000000.000000
A29 177.554563214 29.8402491485 0 0 0.00000 0.18984 0 0 0 0.00000 1000000000.000000
A30 177.827070936 30.1985583089 0 0 0.00000 0.18903 0 0 0 0.00000 1000000000.000000
A31 176.93869699 29.8769192837 0 0 0.00000 0.18849 0 0 0 0.00000 1000000000.000000
A32 177.223345451 30.1993631764 0 0 0.00000 0.18708 0 0 0 0.00000 1000000000.000000
A33 177.388858882 29.6880780906 0 0 0.00000 0.1803 0 0 0 0.00000 1000000000.000000
A34 177.497843796 29.7711947643 0 0 0.00000 0.17641 0 0 0 0.00000 1000000000.000000
A35 177.090443992 30.0220449745 0 0 0.00000 0.16514 0 0 0 0.00000 1000000000.000000
A36 177.322039204 30.556180866 0 0 0.00000 0.16316 0 0 0 0.00000 1000000000.000000
A37 177.786721033 30.3180281507 0 0 0.00000 0.15882 0 0 0 0.00000 1000000000.000000
A38 177.902111995 29.6871451369 0 0 0.00000 0.15002 0 0 0 0.00000 1000000000.000000
A39 177.637502042 30.6340201543 0 0 0.00000 0.14939 0 0 0 0.00000 1000000000.000000
A40 177.569191441 30.6186557345 0 0 0.00000 0.14908 0 0 0 0.00000 1000000000.000000
A41 177.147992471 30.3171919702 0 0 0.00000 0.14252 0 0 0 0.00000 1000000000.000000
A42 177.872707162 30.1029216085 0 0 0.00000 0.13825 0 0 0 0.00000 1000000000.000000
A43 177.53261501 30.5687888129 0 0 0.00000 0.13494 0 0 0 0.00000 1000000000.000000
A44 177.167123682 30.5251438296 0 0 0.00000 0.12811 0 0 0 0.00000 1000000000.000000
A45 177.987510919 29.8503261091 0 0 0.00000 0.12664 0 0 0 0.00000 1000000000.000000
A46 177.197730992 30.4479009618 0 0 0.00000 0.12509 0 0 0 0.00000 1000000000.000000
A47 177.018374874 30.0656851905 0 0 0.00000 0.12211 0 0 0 0.00000 1000000000.000000
A48 177.687610479 29.6685664855 0 0 0.00000 0.1198 0 0 0 0.00000 1000000000.000000
A49 176.961129368 30.3059824861 0 0 0.00000 0.11697 0 0 0 0.00000 1000000000.000000
A50 177.283851828 30.3910201841 0 0 0.00000 0.10834 0 0 0 0.00000 1000000000.000000
A51 177.7078919 29.9295813854 0 0 0.00000 0.10546 0 0 0 0.00000 1000000000.000000
A52 176.945468878 29.7051567471 0 0 0.00000 0.10062 0 0 0 0.00000 1000000000.000000
A53 177.540348043 29.8141978767 0 0 0.00000 0.099905 0 0 0 0.00000 1000000000.000000
A54 177.932259662 30.0154277663 0 0 0.00000 0.095207 0 0 0 0.00000 1000000000.000000
A55 177.984180568 29.7969291795 0 0 0.00000 0.0923 0 0 0 0.00000 1000000000.000000
A56 177.574792813 29.6562495646 0 0 0.00000 0.087244 0 0 0 0.00000 1000000000.000000
A57 176.933552221 30.1038984852 0 0 0.00000 0.083742 0 0 0 0.00000 1000000000.000000
A58 177.010920414 30.3814383117 0 0 0.00000 0.077627 0 0 0 0.00000 1000000000.000000
A59 177.126025118 30.1904337413 0 0 0.00000 0.063715 0 0 0 0.00000 1000000000.000000
A60 177.450289058 30.2585461765 0 0 0.00000 0.061709 0 0 0 0.00000 1000000000.000000
A61 177.917054581 30.0350846548 0 0 0.00000 0.061162 0 0 0 0.00000 1000000000.000000
A62 177.537336537 30.6248124875 0 0 0.00000 0.059149 0 0 0 0.00000 1000000000.000000
A63 176.999963317 30.5731047938 0 0 0.00000 0.052888 0 0 0 0.00000 1000000000.000000
A64 177.410997695 29.8023853097 0 0 0.00000 0.05085 0 0 0 0.00000 1000000000.000000
A65 177.813163141 30.2568548606 0 0 0.00000 0.049915 0 0 0 0.00000 1000000000.000000
A66 177.542636481 30.284746432 0 0 0.00000 0.047671 0 0 0 0.00000 1000000000.000000
A67 177.633592988 29.6677613538 0 0 0.00000 0.044795 0 0 0 0.00000 1000000000.000000
A68 176.992023826 30.6149476977 0 0 0.00000 0.0438 0 0 0 0.00000 1000000000.000000
A69 177.283259649 29.6735613154 0 0 0.00000 0.042078 0 0 0 0.00000 1000000000.000000
A70 177.752096367 29.8156269334 0 0 0.00000 0.040245 0 0 0 0.00000 1000000000.000000
A71 177.990090949 30.4934310872 0 0 0.00000 0.037639 0 0 0 0.00000 1000000000.000000
A72 176.957708974 29.807566143 0 0 0.00000 0.037284 0 0 0 0.00000 1000000000.000000
A73 177.623956417 29.6626425173 0 0 0.00000 0.037142 0 0 0 0.00000 1000000000.000000
A74 176.977016308 30.5782802383 0 0 0.00000 0.032883 0 0 0 0.00000 1000000000.000000
A75 177.8524651 29.831176787 0 0 0.00000 0.030792 0 0 0 0.00000 1000000000.000000
A76 177.761659577 30.0622717088 0 0 0.00000 0.028387 0 0 0 0.00000 1000000000.000000
A77 177.426479718 30.2163719332 0 0 0.00000 0.028137 0 0 0 0.00000 1000000000.000000
A78 177.916718895 30.5214070627 0 0 0.00000 0.02745 0 0 0 0.00000 1000000000.000000
A79 177.729951264 30.5328784653 0 0 0.00000 0.02739 0 0 0 0.00000 1000000000.000000
A80 176.984405713 30.5920707554 0 0 0.00000 0.023985 0 0 0 0.00000 1000000000.000000
A81 177.844740627 30.1213416041 0 0 0.00000 0.022444 0 0 0 0.00000 1000000000.000000
A82 177.951485324 30.316248692 0 0 0.00000 0.021993 0 0 0 0.00000 1000000000.000000
A83 177.070161822 30.539066665 0 0 0.00000 0.019618 0 0 0 0.00000 1000000000.000000
A84 177.153177844 29.9074417795 0 0 0.00000 0.019061 0 0 0 0.00000 1000000000.000000
A85 176.905488915 29.7595949034 0 0 0.00000 0.019056 0 0 0 0.00000 1000000000.000000
A86 177.698259735 30.1112670847 0 0 0.00000 0.017705 0 0 0 0.00000 1000000000.000000
A87 177.794967849 30.2684106234 0 0 0.00000 0.015531 0 0 0 0.00000 1000000000.000000
A88 177.8677802 29.7760114203 0 0 0.00000 0.015491 0 0 0 0.00000 1000000000.000000
A89 177.888721685 29.7907489154 0 0 0.00000 0.012615 0 0 0 0.00000 1000000000.000000
A90 177.327575936 29.9906744287 0 0 0.00000 0.012318 0 0 0 0.00000 1000000000.000000
A91 176.908330728 30.6292426196 0 0 0.00000 0.0097424 0 0 0 0.00000 1000000000.000000
A92 177.492662756 29.8693704735 0 0 0.00000 0.0072048 0 0 0 0.00000 1000000000.000000
A93 177.828698757 30.5112278532 0 0 0.00000 0.005892 0 0 0 0.00000 1000000000.000000
A94 177.173886633 30.5290439351 0 0 0.00000 0.0057065 0 0 0 0.00000 1000000000.000000
A95 177.830601319 30.1093757388 0 0 0.00000 0.0043252 0 0 0 0.00000 1000000000.000000
A96 177.470702032 30.2290694251 0 0 0.00000 0.0038633 0 0 0 0.00000 1000000000.000000
A97 176.928104494 30.6003977472 0 0 0.00000 0.0036544 0 0 0 0.00000 1000000000.000000
A98 177.476318224 30.5233394199 0 0 0.00000 0.0014321 0 0 0 0.00000 1000000000.000000
A99 177.819888081 30.1856734772 0 0 0.00000 2.1529e-05 0 0 0 0.00000 1000000000.000000
